10
0.0000 2.3325 6.9335 3.5174 0.1760 0.1375 1.2587 1.0061 6.9178 8.9750
2.3325 0.0000 4.8216 7.9697 8.3351 1.1297 5.6549 5.2320 14.0286 5.0307
6.9335 4.8216 0.0000 3.1537 7.0726 10.2052 3.8553 1.5710 0.4858 9.1044
3.5174 7.9697 3.1537 0.0000 2.7189 1.9584 4.4814 8.8187 6.9607 3.3531
0.1760 8.3351 7.0726 2.7189 0.0000 4.3777 4.7021 1.9626 0.6067 7.0405
0.1375 1.1297 10.2052 1.9584 4.3777 0.0000 11.0822 8.7441 6.9720 6.8350
1.2587 5.6549 3.8553 4.4814 4.7021 11.0822 0.0000 5.3233 5.8027 7.3874
1.0061 5.2320 1.5710 8.8187 1.9626 8.7441 5.3233 0.0000 13.4076 4.5579
6.9178 14.0286 0.4858 6.9607 0.6067 6.9720 5.8027 13.4076 0.0000 7.7012
8.9750 5.0307 9.1044 3.3531 7.0405 6.8350 7.3874 4.5579 7.7012 0.0000
