10
0.0000 10.6686 1.0262 2.5128 3.2301 3.6715 14.8738 12.1903 5.2142 6.9006
10.6686 0.0000 6.4022 9.8158 8.8898 12.1761 7.7045 8.8389 14.8963 10.2604
1.0262 6.4022 0.0000 19.8076 8.8499 5.3348 3.8236 13.5939 9.0195 4.8948
2.5128 9.8158 19.8076 0.0000 2.8627 10.8378 7.2816 6.9843 9.7340 5.7245
3.2301 8.8898 8.8499 2.8627 0.0000 3.6411 10.3842 9.0982 8.7333 6.8167
3.6715 12.1761 5.3348 10.8378 3.6411 0.0000 8.9321 13.4768 14.4458 9.4994
14.8738 7.7045 3.8236 7.2816 10.3842 8.9321 0.0000 14.8031 3.2881 3.9373
12.1903 8.8389 13.5939 6.9843 9.0982 13.4768 14.8031 0.0000 17.2384 5.5901
5.2142 14.8963 9.0195 9.7340 8.7333 14.4458 3.2881 17.2384 0.0000 3.2376
6.9006 10.2604 4.8948 5.7245 6.8167 9.4994 3.9373 5.5901 3.2376 0.0000
