10
0.0000 19.8748 11.2332 12.9640 4.4827 11.3963 8.8847 16.5849 6.8578 3.1108
19.8748 0.0000 5.1609 8.2387 3.3651 15.1979 10.7027 3.5521 11.9025 3.2964
11.2332 5.1609 0.0000 0.2622 0.1420 6.7326 8.7659 0.8286 2.9040 15.9436
12.9640 8.2387 0.2622 0.0000 1.5210 17.9226 5.5555 2.4732 19.6207 4.6201
4.4827 3.3651 0.1420 1.5210 0.0000 6.4505 15.4061 3.7820 14.5899 4.9001
11.3963 15.1979 6.7326 17.9226 6.4505 0.0000 16.3433 5.9155 2.9810 13.2239
8.8847 10.7027 8.7659 5.5555 15.4061 16.3433 0.0000 7.1199 6.1910 7.6183
16.5849 3.5521 0.8286 2.4732 3.7820 5.9155 7.1199 0.0000 8.3817 22.5211
6.8578 11.9025 2.9040 19.6207 14.5899 2.9810 6.1910 8.3817 0.0000 15.6628
3.1108 3.2964 15.9436 4.6201 4.9001 13.2239 7.6183 22.5211 15.6628 0.0000
