10
0.0000 11.9071 8.5861 10.3782 11.9329 8.0085 3.5895 11.8047 9.2123 4.9665
11.9071 0.0000 6.3177 6.7026 11.9454 6.5386 9.7756 1.0154 3.6652 10.1115
8.5861 6.3177 0.0000 9.1289 15.5223 6.5750 3.5984 7.3356 5.8180 4.1512
10.3782 6.7026 9.1289 0.0000 9.0970 9.6398 3.6825 5.7090 4.7738 4.6222
11.9329 11.9454 15.5223 9.0970 0.0000 10.5963 9.8435 8.0701 10.8914 7.8502
8.0085 6.5386 6.5750 9.6398 10.5963 0.0000 14.6226 7.9812 10.3423 5.9236
3.5895 9.7756 3.5984 3.6825 9.8435 14.6226 0.0000 15.7133 9.7060 7.0353
11.8047 1.0154 7.3356 5.7090 8.0701 7.9812 15.7133 0.0000 9.3278 11.7454
9.2123 3.6652 5.8180 4.7738 10.8914 10.3423 9.7060 9.3278 0.0000 7.0338
4.9665 10.1115 4.1512 4.6222 7.8502 5.9236 7.0353 11.7454 7.0338 0.0000
